1.0, 0.0, 0.0, 0.0, 0.0, 0.0, 0.0, 0.0, 0.0, 0.0, 0.0, 0.0, 0.0, 0.0, 0.0, 0.0, 0.0, 0.0, 0.0, 0.0, 0.0, 0.0, 0.0, 0.0, 0.0, 0.0, 0.0, 0.0, 0.0, 0.0; 1.0, 0.0; 0.0, 0.0; 0.0, 0.0
1.0, 0.0, 0.0, 0.0, 0.0, 0.0, 0.0, 0.0, 0.0, 0.0, 0.0, 0.0, 0.0, 0.0, 0.0, 0.0, 0.0, 0.0, 0.0, 0.0, 0.0, 0.0, 0.0, 0.0, 0.0, 0.0, 0.0, 0.0, 0.0, 0.0; 1.0, 0.0; 0.0, 0.0; 0.0, 0.0
1.0, 0.0, 0.0, 0.0, 0.0, 0.0, 0.0, 0.0, 0.0, 0.0, 0.0, 0.0, 0.0, 0.0, 0.0, 0.0, 0.0, 0.0, 0.0, 0.0, 0.0, 0.0, 0.0, 0.0, 0.0, 0.0, 0.0, 0.0, 0.0, 0.0; 1.0, 0.0; 0.0, 0.0; 0.0, 0.0
1.0, 0.0, 0.0, 0.0, 0.0, 0.0, 0.0, 0.0, 0.0, 0.0, 0.0, 0.0, 0.0, 0.0, 0.0, 0.0, 0.0, 0.0, 0.0, 0.0, 0.0, 0.0, 0.0, 0.0, 0.0, 0.0, 0.0, 0.0, 0.0, 0.0; 1.0, 0.0; 0.0, 0.0; 0.0, 0.0
1.0, 0.0, 0.0, 0.0, 0.0, 0.0, 0.0, 0.0, 0.0, 0.0, 0.0, 0.0, 0.0, 0.0, 0.0, 0.0, 0.0, 0.0, 0.0, 0.0, 0.0, 0.0, 0.0, 0.0, 0.0, 0.0, 0.0, 0.0, 0.0, 0.0; 1.0, 0.0; 0.0, 0.0; 0.0, 0.0
1.0, 0.0, 0.0, 0.0, 0.0, 0.0, 0.0, 0.0, 0.0, 0.0, 0.0, 0.0, 0.0, 0.0, 0.0, 0.0, 0.0, 0.0, 0.0, 0.0, 0.0, 0.0, 0.0, 0.0, 0.0, 0.0, 0.0, 0.0, 0.0, 0.0; 1.0, 0.0; 0.0, 0.0; 0.0, 0.0
1.0, 0.0, 0.0, 0.0, 0.0, 0.0, 0.0, 0.0, 0.0, 0.0, 0.0, 0.0, 0.0, 0.0, 0.0, 0.0, 0.0, 0.0, 0.0, 0.0, 0.0, 0.0, 0.0, 0.0, 0.0, 0.0, 0.0, 0.0, 0.0, 0.0; 1.0, 0.0; 0.0, 0.0; 0.0, 0.0
1.0, 0.0, 0.0, 0.0, 0.0, 0.0, 0.0, 0.0, 0.0, 0.0, 0.0, 0.0, 0.0, 0.0, 0.0, 0.0, 0.0, 0.0, 0.0, 0.0, 0.0, 0.0, 0.0, 0.0, 0.0, 0.0, 0.0, 0.0, 0.0, 0.0; 1.0, 0.0; 0.0, 0.0; 0.0, 0.0
1.0, 0.0, 0.0, 0.0, 0.0, 0.0, 0.0, 0.0, 0.0, 0.0, 0.0, 0.0, 0.0, 0.0, 0.0, 0.0, 0.0, 0.0, 0.0, 0.0, 0.0, 0.0, 0.0, 0.0, 0.0, 0.0, 0.0, 0.0, 0.0, 0.0; 1.0, 0.0; 0.0, 0.0; 0.0, 0.0
1.0, 0.0, 0.0, 0.0, 0.0, 0.0, 0.0, 0.0, 0.0, 0.0, 0.0, 0.0, 0.0, 0.0, 0.0, 0.0, 0.0, 0.0, 0.0, 0.0, 0.0, 0.0, 0.0, 0.0, 0.0, 0.0, 0.0, 0.0, 0.0, 0.0; 1.0, 0.0; 0.0, 0.0; 0.0, 0.0
1.0, 0.0, 0.0, 0.0, 0.0, 0.0, 0.0, 0.0, 0.0, 0.0, 0.0, 0.0, 0.0, 0.0, 0.0, 0.0, 0.0, 0.0, 0.0, 0.0, 0.0, 0.0, 0.0, 0.0, 0.0, 0.0, 0.0, 0.0, 0.0, 0.0; 1.0, 0.0; 0.0, 0.0; 0.0, 0.0
1.0, 0.0, 0.0, 0.0, 0.0, 0.0, 0.0, 0.0, 0.0, 0.0, 0.0, 0.0, 0.0, 0.0, 0.0, 0.0, 0.0, 0.0, 0.0, 0.0, 0.0, 0.0, 0.0, 0.0, 0.0, 0.0, 0.0, 0.0, 0.0, 0.0; 1.0, 0.0; 0.0, 0.0; 0.0, 0.0
1.0, 0.0, 0.0, 0.0, 0.0, 0.0, 0.0, 0.0, 0.0, 0.0, 0.0, 0.0, 0.0, 0.0, 0.0, 0.0, 0.0, 0.0, 0.0, 0.0, 0.0, 0.0, 0.0, 0.0, 0.0, 0.0, 0.0, 0.0, 0.0, 0.0; 1.0, 0.0; 0.0, 0.0; 0.0, 0.0
1.0, 0.0, 0.0, 0.0, 0.0, 0.0, 0.0, 0.0, 0.0, 0.0, 0.0, 0.0, 0.0, 0.0, 0.0, 0.0, 0.0, 0.0, 0.0, 0.0, 0.0, 0.0, 0.0, 0.0, 0.0, 0.0, 0.0, 0.0, 0.0, 0.0; 1.0, 0.0; 0.0, 0.0; 0.0, 0.0
1.0, 0.0, 0.0, 0.0, 0.0, 0.0, 0.0, 0.0, 0.0, 0.0, 0.0, 0.0, 0.0, 0.0, 0.0, 0.0, 0.0, 0.0, 0.0, 0.0, 0.0, 0.0, 0.0, 0.0, 0.0, 0.0, 0.0, 0.0, 0.0, 0.0; 1.0, 0.0; 0.0, 0.0; 0.0, 0.0
1.0, 0.0, 0.0, 0.0, 0.0, 0.0, 0.0, 0.0, 0.0, 0.0, 0.0, 0.0, 0.0, 0.0, 0.0, 0.0, 0.0, 0.0, 0.0, 0.0, 0.0, 0.0, 0.0, 0.0, 0.0, 0.0, 0.0, 0.0, 0.0, 0.0; 1.0, 0.0; 0.0, 0.0; 0.0, 0.0
1.0, 0.0, 0.0, 0.0, 0.0, 0.0, 0.0, 0.0, 0.0, 0.0, 0.0, 0.0, 0.0, 0.0, 0.0, 0.0, 0.0, 0.0, 0.0, 0.0, 0.0, 0.0, 0.0, 0.0, 0.0, 0.0, 0.0, 0.0, 0.0, 0.0; 1.0, 0.0; 0.0, 0.0; 0.0, 0.0
1.0, 0.0, 0.0, 0.0, 0.0, 0.0, 0.0, 0.0, 0.0, 0.0, 0.0, 0.0, 0.0, 0.0, 0.0, 0.0, 0.0, 0.0, 0.0, 0.0, 0.0, 0.0, 0.0, 0.0, 0.0, 0.0, 0.0, 0.0, 0.0, 0.0; 1.0, 0.0; 0.0, 0.0; 0.0, 0.0
1.0, 0.0, 0.0, 0.0, 0.0, 0.0, 0.0, 0.0, 0.0, 0.0, 0.0, 0.0, 0.0, 0.0, 0.0, 0.0, 0.0, 0.0, 0.0, 0.0, 0.0, 0.0, 0.0, 0.0, 0.0, 0.0, 0.0, 0.0, 0.0, 0.0; 1.0, 0.0; 0.0, 0.0; 0.0, 0.0
1.0, 0.0, 0.0, 0.0, 0.0, 0.0, 0.0, 0.0, 0.0, 0.0, 0.0, 0.0, 0.0, 0.0, 0.0, 0.0, 0.0, 0.0, 0.0, 0.0, 0.0, 0.0, 0.0, 0.0, 0.0, 0.0, 0.0, 0.0, 0.0, 0.0; 1.0, 0.0; 0.0, 0.0; 0.0, 0.0
1.0, 0.0, 0.0, 0.0, 0.0, 0.0, 0.0, 0.0, 0.0, 0.0, 0.0, 0.0, 0.0, 0.0, 0.0, 0.0, 0.0, 0.0, 0.0, 0.0, 0.0, 0.0, 0.0, 0.0, 0.0, 0.0, 0.0, 0.0, 0.0, 0.0; 1.0, 0.0; 0.0, 0.0; 0.0, 0.0
1.0, 0.0, 0.0, 0.0, 0.0, 0.0, 0.0, 0.0, 0.0, 0.0, 0.0, 0.0, 0.0, 0.0, 0.0, 0.0, 0.0, 0.0, 0.0, 0.0, 0.0, 0.0, 0.0, 0.0, 0.0, 0.0, 0.0, 0.0, 0.0, 0.0; 1.0, 0.0; 0.0, 0.0; 0.0, 0.0
1.0, 0.0, 0.0, 0.0, 0.0, 0.0, 0.0, 0.0, 0.0, 0.0, 0.0, 0.0, 0.0, 0.0, 0.0, 0.0, 0.0, 0.0, 0.0, 0.0, 0.0, 0.0, 0.0, 0.0, 0.0, 0.0, 0.0, 0.0, 0.0, 0.0; 1.0, 0.0; 0.0, 0.0; 0.0, 0.0
1.0, 0.0, 0.0, 0.0, 0.0, 0.0, 0.0, 0.0, 0.0, 0.0, 0.0, 0.0, 0.0, 0.0, 0.0, 0.0, 0.0, 0.0, 0.0, 0.0, 0.0, 0.0, 0.0, 0.0, 0.0, 0.0, 0.0, 0.0, 0.0, 0.0; 1.0, 0.0; 0.0, 0.0; 0.0, 0.0
1.0, 0.0, 0.0, 0.0, 0.0, 0.0, 0.0, 0.0, 0.0, 0.0, 0.0, 0.0, 0.0, 0.0, 0.0, 0.0, 0.0, 0.0, 0.0, 0.0, 0.0, 0.0, 0.0, 0.0, 0.0, 0.0, 0.0, 0.0, 0.0, 0.0; 1.0, 0.0; 0.0, 0.0; 0.0, 0.0
1.0, 0.0, 0.0, 0.0, 0.0, 0.0, 0.0, 0.0, 0.0, 0.0, 0.0, 0.0, 0.0, 0.0, 0.0, 0.0, 0.0, 0.0, 0.0, 0.0, 0.0, 0.0, 0.0, 0.0, 0.0, 0.0, 0.0, 0.0, 0.0, 0.0; 1.0, 0.0; 0.0, 0.0; 0.0, 0.0
1.0, 0.0, 0.0, 0.0, 0.0, 0.0, 0.0, 0.0, 0.0, 0.0, 0.0, 0.0, 0.0, 0.0, 0.0, 0.0, 0.0, 0.0, 0.0, 0.0, 0.0, 0.0, 0.0, 0.0, 0.0, 0.0, 0.0, 0.0, 0.0, 0.0; 1.0, 0.0; 0.0, 0.0; 0.0, 0.0
1.0, 0.0, 0.0, 0.0, 0.0, 0.0, 0.0, 0.0, 0.0, 0.0, 0.0, 0.0, 0.0, 0.0, 0.0, 0.0, 0.0, 0.0, 0.0, 0.0, 0.0, 0.0, 0.0, 0.0, 0.0, 0.0, 0.0, 0.0, 0.0, 0.0; 1.0, 0.0; 0.0, 0.0; 0.0, 0.0
1.0, 0.0, 0.0, 0.0, 0.0, 0.0, 0.0, 0.0, 0.0, 0.0, 0.0, 0.0, 0.0, 0.0, 0.0, 0.0, 0.0, 0.0, 0.0, 0.0, 0.0, 0.0, 0.0, 0.0, 0.0, 0.0, 0.0, 0.0, 0.0, 0.0; 1.0, 0.0; 0.0, 0.0; 0.0, 0.0
1.0, 0.0, 0.0, 0.0, 0.0, 0.0, 0.0, 0.0, 0.0, 0.0, 0.0, 0.0, 0.0, 0.0, 0.0, 0.0, 0.0, 0.0, 0.0, 0.0, 0.0, 0.0, 0.0, 0.0, 0.0, 0.0, 0.0, 0.0, 0.0, 0.0; 1.0, 0.0; 0.0, 0.0; 0.0, 0.0
1.0, 0.0, 0.0, 0.0, 0.0, 0.0, 0.0, 0.0, 0.0, 0.0, 0.0, 0.0, 0.0, 0.0, 0.0, 0.0, 0.0, 0.0, 0.0, 0.0, 0.0, 0.0, 0.0, 0.0, 0.0, 0.0, 0.0, 0.0, 0.0, 0.0; 1.0, 0.0; 0.0, 0.0; 0.0, 0.0
1.0, 0.0, 0.0, 0.0, 0.0, 0.0, 0.0, 0.0, 0.0, 0.0, 0.0, 0.0, 0.0, 0.0, 0.0, 0.0, 0.0, 0.0, 0.0, 0.0, 0.0, 0.0, 0.0, 0.0, 0.0, 0.0, 0.0, 0.0, 0.0, 0.0; 1.0, 0.0; 0.0, 0.0; 0.0, 0.0
1.0, 0.0, 0.0, 0.0, 0.0, 0.0, 0.0, 0.0, 0.0, 0.0, 0.0, 0.0, 0.0, 0.0, 0.0, 0.0, 0.0, 0.0, 0.0, 0.0, 0.0, 0.0, 0.0, 0.0, 0.0, 0.0, 0.0, 0.0, 0.0, 0.0; 1.0, 0.0; 0.0, 0.0; 0.0, 0.0
1.0, 0.0, 0.0, 0.0, 0.0, 0.0, 0.0, 0.0, 0.0, 0.0, 0.0, 0.0, 0.0, 0.0, 0.0, 0.0, 0.0, 0.0, 0.0, 0.0, 0.0, 0.0, 0.0, 0.0, 0.0, 0.0, 0.0, 0.0, 0.0, 0.0; 1.0, 0.0; 0.0, 0.0; 0.0, 0.0
0.9397558306975577, 0.0, 0.0, 3.676350555631741E-7, 0.0, 0.0, 0.0, 0.0, 0.0, 0.0, 0.0, 0.0, 0.0, 0.0, 0.0, 0.0, 0.0, 0.0, 0.0, 0.0, 0.0, 0.0, 0.0, 0.0, 0.0, 0.0, 0.0, 0.0, 0.0, 0.0; 0.9397558306975577, 0.03059001618990795; 0.0, 0.0; 0.0, 0.0
0.8614608010334032, 0.0, 0.0, 0.0, 0.0, 0.0, 0.0, 0.0, 0.0, 0.0, 0.0, 0.0, 5.495512479012735E-7, 0.0, 0.0, 0.0, 0.0, 5.918352020383376E-11, 0.0, 0.0, 0.0, 0.0, 0.0, 0.0, 0.0, 0.0, 0.0, 0.0, 0.0, 0.0; 0.8614608010334032, 0.0718509649063789; 0.0, 0.0; 0.0, 0.0
0.7917051032322051, 0.0, 0.0, 1.1567976034396865E-6, 0.0, 0.0, 0.0, 0.0, 0.0, 0.0, 0.0, 0.0, 0.0, 6.60419743865559E-9, 0.0, 0.0, 0.0, 0.0, 0.0, 0.0, 0.0, 0.0, 5.953859711918877E-10, 0.0, 0.0, 0.0, 2.4361886014528383E-7, 0.0, 0.0, 0.0; 0.7917051032322051, 0.11022212227261276; 0.0, 0.0; 0.0, 0.0
0.7255977393149853, 1.551389132558166E-12, 0.0, 2.9564515608258635E-6, 9.819637677517009E-9, 0.0, 0.0, 0.0, 3.507299308162976E-7, 0.0, 0.0, 0.0, 1.0238094763643003E-6, 0.0, 0.0, 2.1587900951636918E-7, 0.0, 2.772202677075064E-10, 0.0, 0.0, 0.0, 0.0, 1.0421659170101643E-9, 0.0, 0.0, 0.0, 0.0, 0.0, 8.910874408728773E-8, 3.1253509433945197E-12; 0.7255977393149853, 0.14818057736874538; 0.0, 0.0; 0.0, 0.0
0.6681120353904051, 3.719358154796724E-12, 0.0, 1.664798789060187E-7, 5.563255985969492E-9, 0.0, 0.0, 0.0, 0.0, 0.0, 0.0, 0.0, 0.0, 0.0, 0.0, 0.0, 0.0, 0.0, 0.0, 0.0, 0.0, 0.0, 7.444729314142204E-10, 0.0, 0.0, 0.0, 0.0, 0.0, 0.0, 0.0; 0.6681120353904051, 0.18261882603409507; 0.0, 0.0; 0.0, 0.0
0.6094286198037385, 5.0158585319900665E-11, 3.244889934652658E-9, 1.407552965859521E-6, 2.97268072191801E-8, 0.0, 0.0, 2.639777915955594E-7, 0.0, 0.0, 8.295418390419113E-7, 0.0, 9.79144132186869E-7, 5.173771718759521E-8, 0.0, 0.0, 1.9934958021214534E-10, 9.532017960958038E-11, 0.0, 2.649783657200465E-7, 1.0596407829030787E-10, 0.0, 1.3972067391589196E-9, 6.7103339599257E-10, 0.0, 1.2622528054661055E-7, 0.0, 0.0, 0.0, 0.0; 0.6094286198037385, 0.21934165580340273; 0.0, 0.0; 0.0, 0.0
0.5639645870065076, 3.719358154796724E-12, 0.0, 3.0403422278675005E-6, 6.5726048127110215E-9, 0.0, 0.0, 0.0, 0.0, 0.0, 0.0, 0.0, 0.0, 0.0, 0.0, 0.0, 0.0, 0.0, 0.0, 0.0, 0.0, 0.0, 1.0421659170101643E-9, 0.0, 0.0, 0.0, 0.0, 0.0, 0.0, 0.0; 0.5639645870065076, 0.24902483413416251; 0.0, 0.0; 0.0, 0.0
0.519025903604204, 0.0, 9.271114099007594E-10, 0.0, 1.5056175089881007E-8, 0.0, 1.7854295841921685E-11, 1.651405274526584E-7, 4.090497864743664E-7, 0.0, 0.0, 0.0, 6.603321078156596E-7, 0.0, 0.0, 2.4479255185078536E-7, 0.0, 1.0730945395049817E-10, 0.0, 1.3868136564473718E-7, 0.0, 5.724492396692693E-8, 1.2196366632533427E-10, 1.9172382742644852E-10, 0.0, 0.0, 2.010209246867909E-6, 0.0, 1.6565570819752137E-7, 1.6026121501183613E-11; 0.519025903604204, 0.27956624375191297; 0.0, 0.0; 0.0, 0.0
0.47745435118542545, 5.3102248908418306E-11, 3.7084456396030376E-9, 7.947305680334857E-7, 1.7491075561615504E-7, 0.0, 0.0, 3.95349056571604E-7, 0.0, 0.0, 9.374739986670431E-7, 0.0, 0.0, 1.4978087525911834E-7, 0.0, 0.0, 1.9934958021214534E-10, 0.0, 0.0, 3.247361609756093E-7, 1.2110180376035185E-10, 0.0, 2.2261214152955516E-9, 7.668953097057943E-10, 0.0, 1.491065463946444E-7, 0.0, 0.0, 0.0, 0.0; 0.47745435118542545, 0.3090198788531195; 0.0, 0.0; 0.0, 0.0
0.43914989150789585, 6.43406839408365E-11, 8.344002689106835E-9, 2.975345534198173E-6, 3.571068199057155E-7, 0.0, 1.5161579838477812E-11, 8.732683768695372E-7, 3.546110840141545E-7, 0.0, 4.394841376631522E-7, 0.0, 3.301660539078298E-7, 3.0286384923756446E-7, 0.0, 2.1269259340010463E-7, 4.654144905559386E-11, 8.467217810373171E-11, 0.0, 7.498221373287326E-7, 2.422036075207037E-10, 2.8622461983463467E-8, 3.0394521006031633E-9, 1.7255144468380371E-9, 0.0, 1.909229144509973E-7, 1.1700248300183722E-6, 0.0, 1.4150130935410093E-7, 1.2635075390922176E-11; 0.43914989150789585, 0.3373178342986271; 0.0, 0.0; 0.0, 0.0
0.40423006266916983, 0.0, 1.8542228198015188E-9, 0.0, 1.7184365935654766E-8, 0.0, 3.0323159676955624E-11, 1.651405274526584E-7, 7.09222168028309E-7, 0.0, 0.0, 0.0, 6.603321078156596E-7, 0.0, 0.0, 4.2538518680020926E-7, 0.0, 1.0730945395049817E-10, 0.0, 2.0069963075502788E-7, 0.0, 5.724492396692693E-8, 2.3833560948887674E-11, 3.8344765485289715E-10, 3.810987725402904E-8, 1.921601029588081E-7, 2.0964307998914606E-6, 0.0, 2.8300261870820187E-7, 2.5270150781844352E-11; 0.40423006266916983, 0.364210130724783; 0.0, 0.0; 0.0, 0.0
0.3744044555562471, 1.0031717063980133E-10, 7.416891279206075E-9, 4.02913541129921E-6, 3.485146369378881E-7, 0.0, 0.0, 7.90698113143208E-7, 0.0, 0.0, 1.8749479973340863E-6, 0.0, 0.0, 2.995617505182367E-7, 0.0, 0.0, 3.9869916042429067E-10, 3.1017451128482625E-11, 0.0, 6.494723219512186E-7, 2.422036075207037E-10, 0.0, 4.005462884772826E-9, 1.5337906194115886E-9, 0.0, 2.982130927892888E-7, 0.0, 0.0, 0.0, 0.0; 0.3744044555562471, 0.38811580623514497; 0.0, 0.0; 0.0, 0.0
0.34428237090502595, 1.0031717063980133E-10, 7.416891279206075E-9, 4.212952939080797E-6, 3.485146369378881E-7, 0.0, 0.0, 7.90698113143208E-7, 0.0, 0.0, 1.8749479973340863E-6, 0.0, 0.0, 2.995617505182367E-7, 0.0, 0.0, 3.9869916042429067E-10, 3.1017451128482625E-11, 0.0, 6.494723219512186E-7, 2.422036075207037E-10, 0.0, 4.005462884772826E-9, 1.5337906194115886E-9, 0.0, 2.982130927892888E-7, 0.0, 0.0, 0.0, 0.0; 0.34428237090502595, 0.41324605964376687; 0.0, 0.0; 0.0, 0.0
0.3184420516037689, 2.1878513437774037E-11, 7.416891279206075E-9, 2.8779831614136354E-6, 2.001954691014688E-7, 0.0, 0.0, 7.90698113143208E-7, 0.0, 0.0, 1.8564438169175891E-6, 0.0, 8.237665534243099E-7, 2.995617505182367E-7, 0.0, 0.0, 3.533469134533894E-10, 2.7543428365953056E-11, 0.0, 6.494723219512186E-7, 2.422036075207037E-10, 1.1448984793385387E-7, 3.6185924338626306E-9, 1.5337906194115886E-9, 0.0, 0.0, 0.0, 0.0, 0.0, 0.0; 0.3184420516037689, 0.43569499893586766; 0.0, 0.0; 0.0, 0.0
0.29342568871815755, 0.0, 3.7084456396030376E-9, 1.6186042804120742E-7, 1.000977345507344E-7, 0.0, 0.0, 3.95349056571604E-7, 4.384124135203722E-8, 0.0, 9.166567956984838E-7, 0.0, 1.9811006339238466E-6, 1.4978087525911834E-7, 0.0, 2.6984876189546148E-8, 1.4492477799718852E-10, 1.3771714182976528E-11, 0.0, 3.247361609756093E-7, 1.2110180376035185E-10, 1.717347719007808E-7, 8.572567377557578E-10, 7.668953097057943E-10, 0.0, 0.0, 6.474982992041417E-8, 0.0, 1.113859301091096E-8, 8.265278299654097E-12; 0.29342568871815755, 0.4583131703730054; 0.0, 0.0; 0.0, 0.0
0.27025700717234963, 1.0031717063980133E-10, 7.416891279206075E-9, 4.607534213019053E-6, 3.485146369378881E-7, 0.0, 0.0, 7.90698113143208E-7, 0.0, 0.0, 1.8749479973340863E-6, 0.0, 0.0, 3.0286384923756446E-7, 0.0, 0.0, 3.9869916042429067E-10, 3.1017451128482625E-11, 0.0, 6.494723219512186E-7, 2.422036075207037E-10, 0.0, 4.30315587036877E-9, 1.5337906194115886E-9, 0.0, 2.982130927892888E-7, 1.2180943007264192E-7, 0.0, 0.0, 0.0; 0.27025700717234963, 0.4801395802304061; 0.0, 0.0; 0.0, 0.0
0.2506406937003983, 0.0, 1.8542228198015188E-9, 2.8995852056682986E-6, 1.0676793458950605E-7, 0.0, 0.0, 5.254850599041784E-7, 0.0, 0.0, 4.502328189170243E-7, 0.0, 0.0, 6.266481804821297E-8, 8.372836621067231E-6, 0.0, 0.0, 0.0, 0.0, 2.390311810222511E-7, 6.055090188017594E-11, 0.0, 1.4375624141210514E-9, 3.8344765485289704E-10, 0.0, 0.0, 0.0, 0.0, 0.0, 0.0; 0.2506406937003983, 0.49936266180911326; 0.0, 0.0; 0.0, 0.0
0.23069101573985246, 1.9609664300506823E-11, 3.7084456396030376E-9, 1.484751689097369E-6, 1.000977345507344E-7, 0.0, 0.0, 4.1568280709231875E-7, 0.0, 0.0, 9.120307505943595E-7, 0.0, 1.8989460085377598E-6, 1.4978087525911834E-7, 0.0, 0.0, 1.2677966750907745E-10, 3.2689643351842385E-11, 0.0, 3.247361609756093E-7, 1.2110180376035185E-10, 1.717347719007808E-7, 1.1137148067898361E-9, 7.668953097057943E-10, 0.0, 0.0, 0.0, 0.0, 0.0, 8.056535325111603E-12; 0.23069101573985246, 0.5196982426805152; 0.0, 0.0; 0.0, 0.0
0.21262018592166354, 3.9219328601013647E-11, 0.0, 3.049886822947329E-7, 2.1076453096961938E-9, 0.0, 2.0771275217253772E-11, 0.0, 3.3397378228027703E-7, 0.0, 0.0, 0.0, 1.3321821769611184E-6, 0.0, 0.0, 2.595631760125048E-7, 0.0, 2.430606077333107E-10, 0.0, 1.9165775133611618E-8, 0.0, 0.0, 6.09317253798596E-10, 0.0, 1.3977992410426778E-7, 1.4205923071964606E-6, 1.6380105503698E-6, 2.020367199553935E-7, 1.8466649580468746E-7, 1.122480742099386E-11; 0.21262018592166354, 0.5388938297027153; 0.0, 0.0; 0.0, 0.0
0.19587174952098224, 0.0, 3.7084456396030376E-9, 0.0, 1.000977345507344E-7, 0.0, 0.0, 3.95349056571604E-7, 4.384124135203722E-8, 0.0, 9.166567956984838E-7, 0.0, 2.4115863845389074E-6, 1.4978087525911834E-7, 0.0, 2.6984876189546148E-8, 1.222486545117379E-10, 1.8102192249559689E-10, 0.0, 3.247361609756093E-7, 1.2110180376035185E-10, 1.717347719007808E-7, 0.0, 7.668953097057943E-10, 0.0, 0.0, 0.0, 0.0, 1.113859301091096E-8, 4.531557459138879E-12; 0.19587174952098224, 0.5574270966726779; 0.0, 0.0; 0.0, 0.0
0.18110045626098176, 2.943663588517641E-12, 4.635557049503797E-10, 2.2610399511354467E-6, 2.8354769621329028E-8, 0.0, 0.0, 4.067782886819683E-9, 0.0, 0.0, 7.480092409229676E-8, 0.0, 0.0, 2.4407068734330796E-8, 1.3841646878971347E-6, 0.0, 0.0, 0.0, 0.0, 5.975779525556278E-8, 1.5137725470043985E-11, 0.0, 1.1266076617325757E-9, 9.586191371322426E-11, 0.0, 2.2881265848033862E-8, 0.0, 0.0, 0.0, 2.257143130338979E-12; 0.18110045626098176, 0.5744419506324394; 0.0, 0.0; 0.0, 0.0
0.16742680991531178, 0.0, 0.0, 3.550575261552695E-7, 0.0, 0.0, 0.0, 0.0, 4.384124135203722E-8, 0.0, 0.0, 0.0, 1.5692173572116917E-6, 0.0, 0.0, 2.6984876189546148E-8, 0.0, 0.0, 0.0, 0.0, 0.0, 1.1448984793385387E-7, 3.23581071064493E-10, 0.0, 0.0, 0.0, 6.474982992041417E-8, 0.0, 1.113859301091096E-8, 8.265278299654097E-12; 0.16742680991531178, 0.5908223266671183; 0.0, 0.0; 0.0, 0.0
0.15467854189557173, 0.0, 9.271114099007594E-10, 1.3978470073617556E-6, 5.338396729475302E-8, 0.0, 0.0, 2.627425299520892E-7, 0.0, 0.0, 2.1586431925026359E-7, 0.0, 8.292829532761299E-7, 4.881413746866159E-8, 2.7683293757942693E-6, 0.0, 0.0, 1.0232833441678284E-10, 0.0, 1.1951559051112556E-7, 3.027545094008797E-11, 0.0, 1.2110494064549871E-9, 1.9172382742644852E-10, 0.0, 4.5762531696067724E-8, 0.0, 0.0, 0.0, 7.639637204072478E-12; 0.15467854189557173, 0.6067095024698056; 0.0, 0.0; 0.0, 0.0
0.14208012450432517, 7.843865720202729E-11, 0.0, 2.969503378194738E-6, 0.0, 0.0, 0.0, 4.0667501041429513E-8, 0.0, 0.0, 0.0, 0.0, 9.434403545477779E-7, 0.0, 0.0, 0.0, 4.5352246970901274E-11, 0.0, 0.0, 0.0, 0.0, 0.0, 2.2274296135796722E-9, 0.0, 0.0, 0.0, 4.015822053124051E-7, 0.0, 0.0, 9.038355856371292E-12; 0.14208012450432517, 0.6230659246572735; 0.0, 0.0; 0.0, 0.0
0.13145648186917708, 0.0, 0.0, 0.0, 0.0, 0.0, 0.0, 0.0, 4.384124135203722E-8, 0.0, 0.0, 0.0, 2.622486313524607E-6, 0.0, 0.0, 2.6984876189546148E-8, 0.0, 2.0186258771989972E-10, 0.0, 0.0, 0.0, 2.2897969586770773E-7, 0.0, 0.0, 0.0, 0.0, 6.474982992041417E-8, 0.0, 1.113859301091096E-8, 8.265278299654097E-12; 0.13145648186917708, 0.6374314831266285; 0.0, 0.0; 0.0, 0.0
0.12023699180904221, 0.0, 0.0, 8.419287826575536E-7, 0.0, 0.0, 0.0, 8.133500208285903E-8, 0.0, 0.0, 0.0, 0.0, 8.214696066387953E-7, 0.0, 0.0, 0.0, 0.0, 1.1467686278156845E-10, 0.0, 0.0, 0.0, 0.0, 7.920187591263372E-10, 0.0, 0.0, 6.864379754410159E-8, 0.0, 0.0, 0.0, 3.819818602036239E-12; 0.12023699180904221, 0.6532484044327448; 0.0, 0.0; 0.0, 0.0
0.110950448593053, 0.0, 0.0, 2.7079580955548056E-7, 0.0, 0.0, 0.0, 0.0, 0.0, 0.0, 0.0, 0.0, 1.0654522799153241E-6, 2.609922752962732E-7, 9.669246896016852E-6, 0.0, 0.0, 5.185485845178695E-10, 0.0, 0.0, 0.0, 0.0, 7.487502285957879E-10, 0.0, 0.0, 4.205245710455271E-7, 0.0, 0.0, 0.0, 6.383026474356933E-12; 0.110950448593053, 0.6669107708940525; 0.0, 0.0; 0.0, 0.0
0.10214242017363082, 0.0, 0.0, 7.575551691927204E-7, 0.0, 0.0, 0.0, 8.133500208285903E-8, 0.0, 0.0, 0.0, 0.0, 1.0396416919722537E-6, 0.0, 0.0, 0.0, 0.0, 3.07347777939854E-10, 0.0, 0.0, 0.0, 0.0, 1.0419507975624211E-9, 0.0, 0.0, 0.0, 0.0, 0.0, 0.0, 3.603105700400839E-12; 0.10214242017363082, 0.6804032120766449; 0.0, 0.0; 0.0, 0.0
0.09442050147521644, 7.843865720202729E-11, 0.0, 2.804758614833562E-6, 0.0, 0.0, 0.0, 0.0, 0.0, 0.0, 0.0, 0.0, 1.1165092573092058E-6, 0.0, 0.0, 0.0, 4.5352246970901274E-11, 1.998069637590399E-11, 0.0, 0.0, 0.0, 0.0, 2.0318364850482944E-9, 0.0, 0.0, 1.0881738045379956E-7, 4.015822053124051E-7, 0.0, 0.0, 7.300642078395214E-12; 0.09442050147521644, 0.6927219731983982; 0.0, 0.0; 0.0, 0.0
0.0861341521431809, 0.0, 0.0, 1.4300527897667582E-7, 0.0, 0.0, 1.9018178178039277E-12, 0.0, 3.799132789572365E-8, 0.0, 0.0, 0.0, 1.0822026122241037E-6, 9.885230824358703E-8, 2.417311724004213E-6, 2.2591874938549485E-8, 0.0, 2.7611452734697515E-10, 0.0, 0.0, 0.0, 0.0, 5.173136192911303E-10, 0.0, 0.0, 4.5762531696067724E-8, 2.784483548596998E-7, 8.74045475957057E-8, 1.7375533744228862E-8, 3.984741480202533E-12; 0.0861341521431809, 0.7065149162336063; 0.0, 0.0; 0.0, 0.0
0.07901311800341114, 0.0, 0.0, 0.0, 0.0, 0.0, 0.0, 2.0333750520714757E-8, 0.0, 0.0, 0.0, 0.0, 1.4340668565975837E-6, 0.0, 0.0, 0.0, 0.0, 4.722798085214048E-10, 0.0, 0.0, 0.0, 0.0, 0.0, 0.0, 0.0, 0.0, 4.660675762335355E-8, 0.0, 0.0, 1.7250447466777753E-12; 0.07901311800341114, 0.7189076791223422; 0.0, 0.0; 0.0, 0.0
0.07244159206658475, 3.9219328601013647E-11, 0.0, 0.0, 0.0, 0.0, 5.609695378775959E-12, 0.0, 1.134271703814856E-7, 0.0, 9.252090208248574E-9, 0.0, 1.9687211065500734E-6, 0.0, 0.0, 6.710923975455978E-8, 3.629022097622219E-11, 2.96664558287509E-10, 0.0, 0.0, 0.0, 0.0, 0.0, 0.0, 1.3977992410426778E-7, 1.4205923071964606E-6, 5.978888791641213E-7, 2.020367199553935E-7, 5.151913120876976E-8, 1.9884001244258433E-12; 0.07244159206658475, 0.730851469907623; 0.0, 0.0; 0.0, 0.0
0.06644429399807736, 7.195297339792966E-11, 0.0, 3.2643773576417595E-6, 0.0, 0.0, 0.0, 0.0, 0.0, 0.0, 2.3130225520621434E-8, 0.0, 0.0, 0.0, 0.0, 0.0, 6.349735745901238E-11, 0.0, 0.0, 0.0, 0.0, 0.0, 2.551241100480101E-9, 0.0, 6.988996205213389E-8, 4.0674045963539115E-7, 0.0, 1.0101835997769676E-7, 0.0, 0.0; 0.06644429399807736, 0.7422331384266686; 0.0, 0.0; 0.0, 0.0
0.060819764800377644, 0.0, 0.0, 3.787775845963602E-7, 0.0, 0.0, 0.0, 4.0667501041429513E-8, 0.0, 0.0, 0.0, 0.0, 1.76298915027851E-6, 0.0, 0.0, 0.0, 0.0, 1.5997986535954894E-10, 0.0, 0.0, 0.0, 0.0, 5.209753987812106E-10, 0.0, 0.0, 0.0, 0.0, 0.0, 0.0, 4.293572184753293E-12; 0.060819764800377644, 0.7533839586888269; 0.0, 0.0; 0.0, 0.0
0.05551672939389447, 0.0, 0.0, 0.0, 0.0, 0.0, 0.0, 0.0, 0.0, 0.0, 0.0, 0.0, 1.2104162335755273E-6, 0.0, 0.0, 0.0, 0.0, 4.07199198202329E-10, 0.0, 0.0, 0.0, 0.0, 0.0, 0.0, 0.0, 0.0, 4.660675762335355E-8, 0.0, 0.0, 0.0; 0.05551672939389447, 0.7643804609895044; 0.0, 0.0; 0.0, 0.0
0.05046604185828612, 0.0, 0.0, 0.0, 0.0, 0.0, 0.0, 0.0, 0.0, 0.0, 0.0, 0.0, 1.2827713592015212E-6, 0.0, 0.0, 0.0, 0.0, 4.07199198202329E-10, 0.0, 0.0, 0.0, 1.1448984793385387E-7, 0.0, 0.0, 0.0, 0.0, 0.0, 0.0, 0.0, 0.0; 0.05046604185828612, 0.7753539030750789; 0.0, 0.0; 0.0, 0.0
0.04596935074685461, 0.0, 0.0, 0.0, 0.0, 0.0, 0.0, 0.0, 0.0, 0.0, 0.0, 0.0, 2.22752885756742E-6, 0.0, 0.0, 0.0, 0.0, 1.5463825553337643E-10, 0.0, 0.0, 0.0, 0.0, 0.0, 0.0, 0.0, 0.0, 1.864270304934142E-7, 0.0, 0.0, 3.486219396765796E-12; 0.04596935074685461, 0.7855960263413204; 0.0, 0.0; 0.0, 0.0
0.04175274573324087, 4.902416075126706E-12, 0.0, 0.0, 0.0, 0.0, 0.0, 0.0, 0.0, 0.0, 0.0, 0.0, 0.0, 0.0, 0.0, 0.0, 3.4673146460879555E-12, 3.7230363507679644E-10, 0.0, 0.0, 0.0, 0.0, 1.0712950409750427E-10, 0.0, 0.0, 6.780049191241253E-7, 0.0, 3.403453095497763E-9, 0.0, 0.0; 0.04175274573324087, 0.7956653037655804; 0.0, 0.0; 0.0, 0.0
0.037787062572354355, 2.941449645076024E-11, 0.0, 0.0, 0.0, 0.0, 0.0, 0.0, 0.0, 0.0, 4.626045104124287E-9, 0.0, 1.5307350470971392E-6, 0.0, 0.0, 0.0, 2.0410616986780867E-11, 3.106126916686195E-11, 0.0, 0.0, 0.0, 0.0, 0.0, 0.0, 0.0, 0.0, 3.5790416567901694E-7, 3.066790436635866E-8, 0.0, 6.216562872238608E-12; 0.037787062572354355, 0.8056115924428651; 0.0, 0.0; 0.0, 0.0
0.03409941041316249, 0.0, 0.0, 0.0, 0.0, 0.0, 0.0, 0.0, 0.0, 0.0, 0.0, 0.0, 1.3496960631191705E-6, 0.0, 0.0, 0.0, 0.0, 1.6725020831262036E-10, 0.0, 0.0, 0.0, 2.2897969586770773E-7, 0.0, 0.0, 0.0, 0.0, 0.0, 0.0, 0.0, 0.0; 0.03409941041316249, 0.8153401880218905; 0.0, 0.0; 0.0, 0.0
0.030840990570794858, 2.941449645076024E-11, 0.0, 0.0, 0.0, 0.0, 0.0, 0.0, 0.0, 0.0, 4.626045104124287E-9, 0.0, 1.3934273536993816E-6, 0.0, 0.0, 0.0, 2.0410616986780867E-11, 4.597059152756068E-11, 0.0, 0.0, 0.0, 0.0, 0.0, 0.0, 0.0, 0.0, 2.6469065043230984E-7, 3.066790436635866E-8, 0.0, 4.895194519554582E-12; 0.030840990570794858, 0.8243844477782202; 0.0, 0.0; 0.0, 0.0
0.0277191315844633, 0.0, 0.0, 2.217427144851149E-7, 0.0, 0.0, 0.0, 0.0, 0.0, 0.0, 0.0, 0.0, 1.5903032910299128E-6, 0.0, 0.0, 0.0, 0.0, 0.0, 0.0, 0.0, 0.0, 0.0, 1.0786416984864068E-10, 0.0, 0.0, 0.0, 1.864270304934142E-7, 0.0, 0.0, 3.486219396765796E-12; 0.0277191315844633, 0.8335099334919868; 0.0, 0.0; 0.0, 0.0
0.024917745750824782, 0.0, 0.0, 5.124392559352016E-7, 0.0, 0.0, 0.0, 0.0, 0.0, 0.0, 0.0, 0.0, 1.1676074121616512E-6, 9.03272893246077E-8, 0.0, 0.0, 0.0, 3.1525801514720765E-10, 0.0, 0.0, 0.0, 2.2897969586770773E-7, 4.0083250206358125E-10, 0.0, 7.513170920604394E-7, 2.4706350298196336E-6, 0.0, 0.0, 0.0, 3.443910460840855E-13; 0.024917745750824782, 0.8421479347877806; 0.0, 0.0; 0.0, 0.0
0.02227718931266863, 2.451208037563353E-12, 0.0, 4.393922893420906E-7, 0.0, 0.0, 0.0, 0.0, 0.0, 0.0, 0.0, 0.0, 0.0, 5.283357950924472E-8, 0.0, 0.0, 0.0, 2.1137572309688605E-10, 0.0, 0.0, 0.0, 0.0, 0.0, 0.0, 0.0, 3.3900245956206267E-7, 0.0, 0.0, 0.0, 0.0; 0.02227718931266863, 0.850744788918112; 0.0, 0.0; 0.0, 0.0
0.019902036589091843, 0.0, 0.0, 1.365303538798724E-6, 0.0, 0.0, 0.0, 0.0, 0.0, 0.0, 0.0, 0.0, 1.1936047041419206E-6, 0.0, 0.0, 0.0, 0.0, 0.0, 0.0, 0.0, 0.0, 0.0, 1.2437510211612974E-9, 0.0, 0.0, 0.0, 0.0, 0.0, 0.0, 8.889430263529124E-12; 0.019902036589091843, 0.8589261603778886; 0.0, 0.0; 0.0, 0.0
0.017596715185469847, 4.902416075126706E-12, 0.0, 0.0, 0.0, 0.0, 0.0, 0.0, 0.0, 0.0, 0.0, 0.0, 3.743111493010809E-7, 0.0, 0.0, 0.0, 3.4673146460879555E-12, 3.1670221506727697E-10, 0.0, 0.0, 0.0, 1.1448984793385387E-7, 0.0, 0.0, 0.0, 6.780049191241253E-7, 0.0, 3.403453095497763E-9, 0.0, 0.0; 0.017596715185469847, 0.8673477282490565; 0.0, 0.0; 0.0, 0.0
0.015541498749260012, 2.941449645076024E-11, 0.0, 2.217427144851149E-7, 0.0, 0.0, 0.0, 0.0, 0.0, 0.0, 4.626045104124287E-9, 0.0, 1.3720229429924435E-6, 0.0, 0.0, 0.0, 2.0410616986780867E-11, 0.0, 0.0, 0.0, 0.0, 0.0, 1.0786416984864068E-10, 0.0, 0.0, 8.415688434038925E-8, 2.413872716206331E-7, 5.050917998884838E-8, 0.0, 5.067390042596624E-12; 0.015541498749260012, 0.8753350270479067; 0.0, 0.0; 0.0, 0.0
0.013826987581344305, 0.0, 0.0, 1.5849264857762406E-6, 0.0, 0.0, 0.0, 0.0, 0.0, 0.0, 0.0, 0.0, 1.3156879042343974E-6, 0.0, 0.0, 0.0, 0.0, 2.981864472139746E-11, 0.0, 0.0, 0.0, 1.1359047530265996E-6, 1.095425957681246E-9, 0.0, 9.173057519342575E-8, 2.8507339517465044E-7, 0.0, 0.0, 0.0, 8.434826913977428E-13; 0.013826987581344305, 0.8824130775385881; 0.0, 0.0; 0.0, 0.0
0.01205238323039919, 2.941449645076024E-11, 0.0, 2.217427144851149E-7, 0.0, 0.0, 0.0, 0.0, 0.0, 0.0, 4.626045104124287E-9, 0.0, 1.558563929879246E-6, 0.0, 0.0, 0.0, 2.0410616986780867E-11, 0.0, 0.0, 0.0, 0.0, 0.0, 1.0101342765288868E-10, 0.0, 0.0, 8.415688434038925E-8, 2.413872716206331E-7, 5.050917998884838E-8, 0.0, 5.067390042596624E-12; 0.01205238323039919, 0.8902172871025974; 0.0, 0.0; 0.0, 0.0
0.010363508848287462, 2.451208037563353E-12, 0.0, 1.109083910831123E-6, 0.0, 0.0, 0.0, 0.0, 0.0, 0.0, 0.0, 0.0, 7.969565727116354E-7, 0.0, 0.0, 0.0, 1.7336573230439777E-12, 7.220999600346612E-13, 0.0, 0.0, 0.0, 0.0, 1.0433347701295068E-9, 0.0, 0.0, 0.0, 0.0, 1.698742712347899E-9, 0.0, 8.717234740487082E-12; 0.010363508848287462, 0.8981992417678781; 0.0, 0.0; 0.0, 0.0
0.009011841095100934, 1.9609664300506823E-11, 0.0, 0.0, 0.0, 0.0, 0.0, 0.0, 0.0, 0.0, 0.0, 0.0, 1.333055610866158E-6, 0.0, 0.0, 0.0, 1.8145110488111096E-11, 2.1852645158443735E-11, 0.0, 0.0, 0.0, 0.0, 0.0, 0.0, 6.988996205213389E-8, 4.3419819073903435E-7, 7.754556729423067E-8, 1.0101835997769676E-7, 0.0, 2.0339298195652064E-12; 0.009011841095100934, 0.9050698785478608; 0.0, 0.0; 0.0, 0.0
0.007752312998396738, 0.0, 0.0, 2.9776806588478417E-6, 0.0, 0.0, 9.509089089019639E-13, 0.0, 1.8995663947861826E-8, 0.0, 0.0, 0.0, 5.247205539329362E-7, 0.0, 0.0, 1.1295937469274742E-8, 2.137925951879637E-12, 0.0, 0.0, 0.0, 0.0, 0.0, 2.7753366551608467E-9, 0.0, 0.0, 0.0, 1.392241774298499E-7, 4.370227379785285E-8, 8.687766872114431E-9, 1.5199085218507596E-11; 0.007752312998396738, 0.9119538854885374; 0.0, 0.0; 0.0, 0.0
0.006588760491127115, 5.882899290152048E-11, 0.0, 0.0, 0.0, 0.0, 0.0, 0.0, 0.0, 0.0, 9.252090208248574E-9, 0.0, 1.2109724107736812E-6, 0.0, 0.0, 0.0, 4.0821233973561733E-11, 0.0, 0.0, 0.0, 0.0, 0.0, 0.0, 0.0, 0.0, 1.683137686807785E-7, 1.0992048225443776E-7, 1.0101835997769676E-7, 0.0, 3.162341291661658E-12; 0.006588760491127115, 0.918829296098036; 0.0, 0.0; 0.0, 0.0
0.0055690190356889446, 0.0, 0.0, 5.032666326655738E-6, 0.0, 0.0, 0.0, 0.0, 0.0, 0.0, 0.0, 0.0, 2.4416640018495347E-7, 4.9505642088805844E-8, 0.0, 0.0, 0.0, 8.095282547388886E-11, 0.0, 0.0, 0.0, 2.271809506053199E-6, 4.389882899638395E-9, 0.0, 1.834611503868515E-7, 5.701467903493009E-7, 0.0, 0.0, 0.0, 2.019105499659065E-12; 0.0055690190356889446, 0.9253766361801606; 0.0, 0.0; 0.0, 0.0
0.004693376025175969, 5.882899290152048E-11, 0.0, 4.464869884990427E-7, 0.0, 0.0, 0.0, 0.0, 0.0, 0.0, 9.252090208248574E-9, 0.0, 1.0013095917499297E-6, 0.0, 0.0, 0.0, 4.0821233973561733E-11, 1.490932236069873E-11, 0.0, 0.0, 0.0, 2.839761882566499E-7, 4.659552424878416E-10, 0.0, 2.2932643798356438E-8, 2.395821174744411E-7, 6.331372463108421E-8, 1.0101835997769676E-7, 0.0, 4.334258032708003E-13; 0.004693376025175969, 0.9314924312473186; 0.0, 0.0; 0.0, 0.0
0.00379134954296545, 0.0, 0.0, 0.0, 0.0, 0.0, 0.0, 0.0, 0.0, 0.0, 0.0, 0.0, 1.8970000888592557E-6, 0.0, 0.0, 0.0, 0.0, 2.2545224425960824E-10, 0.0, 0.0, 0.0, 5.724492396692693E-8, 0.0, 0.0, 3.4944981026066946E-8, 2.3082796092133877E-7, 7.754556729423067E-8, 1.0101835997769676E-7, 0.0, 2.0339298195652064E-12; 0.00379134954296545, 0.9384267859572148; 0.0, 0.0; 0.0, 0.0
0.003097894208464744, 0.0, 0.0, 4.308965873850163E-6, 0.0, 0.0, 1.9018178178039277E-12, 0.0, 3.799132789572365E-8, 0.0, 0.0, 0.0, 0.0, 5.943777694790031E-8, 0.0, 2.2591874938549485E-8, 4.275851903759274E-12, 6.237868642890365E-11, 0.0, 0.0, 0.0, 3.5491852859494732E-6, 4.050855902450717E-9, 0.0, 0.0, 0.0, 2.784483548596998E-7, 8.74045475957057E-8, 1.7375533744228862E-8, 7.150292218554534E-12; 0.003097894208464744, 0.9443437940980346; 0.0, 0.0; 0.0, 0.0
0.0024597762182994344, 5.882899290152048E-11, 0.0, 1.7238699204397489E-6, 0.0, 0.0, 0.0, 0.0, 0.0, 0.0, 9.252090208248574E-9, 0.0, 6.752116587489592E-7, 2.4752821044402922E-8, 0.0, 0.0, 4.0821233973561733E-11, 2.5567090376245702E-11, 0.0, 0.0, 0.0, 5.679523765132998E-7, 1.6472284709785746E-9, 0.0, 4.5865287596712877E-8, 3.108504662681037E-7, 1.0992048225443776E-7, 1.0101835997769676E-7, 0.0, 3.750152695792319E-12; 0.0024597762182994344, 0.9504049495166728; 0.0, 0.0; 0.0, 0.0
0.0018806470484173594, 0.0, 0.0, 2.2788522302008112E-6, 0.0, 0.0, 0.0, 0.0, 0.0, 0.0, 0.0, 0.0, 5.549372356181195E-8, 0.0, 0.0, 0.0, 0.0, 5.044781111697567E-11, 0.0, 0.0, 0.0, 0.0, 2.316068691518459E-9, 0.0, 0.0, 0.0, 0.0, 0.0, 0.0, 0.0; 0.0018806470484173594, 0.9566342817973277; 0.0, 0.0; 0.0, 0.0
0.0014218188744727286, 0.0, 0.0, 2.4495151725506514E-6, 0.0, 0.0, 0.0, 0.0, 0.0, 0.0, 0.0, 0.0, 0.0, 5.283357950924472E-8, 0.0, 0.0, 0.0, 2.5223905558487835E-11, 0.0, 0.0, 0.0, 3.663675133883327E-6, 2.231435655612916E-9, 0.0, 0.0, 0.0, 0.0, 0.0, 0.0, 0.0; 0.0014218188744727286, 0.9622948646049186; 0.0, 0.0; 0.0, 0.0
0.0010296442726520998, 0.0, 0.0, 0.0, 0.0, 0.0, 0.0, 0.0, 0.0, 0.0, 0.0, 0.0, 4.6520460161022617E-7, 5.283357950924472E-8, 0.0, 0.0, 0.0, 2.5223905558487835E-11, 0.0, 0.0, 0.0, 1.0073487782112238E-5, 2.401019135507051E-10, 0.0, 0.0, 0.0, 0.0, 0.0, 0.0, 0.0; 0.0010296442726520998, 0.9679151638031591; 0.0, 0.0; 0.0, 0.0
7.022776139515522E-4, 4.902416075126707E-11, 0.0, 4.464869884990427E-7, 0.0, 0.0, 0.0, 0.0, 0.0, 0.0, 9.252090208248574E-9, 0.0, 5.673840871219638E-7, 2.641678975462236E-8, 0.0, 0.0, 3.174867872950619E-11, 1.659495256072078E-11, 0.0, 0.0, 0.0, 5.320720079312769E-6, 5.860061992631942E-10, 0.0, 0.0, 2.2483022104923907E-8, 2.4540940983968875E-8, 5.050917998884838E-8, 0.0, 0.0; 7.022776139515522E-4, 0.973501459846077; 0.0, 0.0; 0.0, 0.0
4.4157329093502326E-4, 0.0, 0.0, 0.0, 0.0, 0.0, 9.509089089019639E-13, 0.0, 1.8995663947861826E-8, 0.0, 0.0, 0.0, 1.906789987665152E-6, 2.05246918493807E-7, 0.0, 1.1295937469274742E-8, 2.137925951879637E-12, 2.2140720367647806E-10, 0.0, 0.0, 0.0, 2.123934646029599E-5, 0.0, 0.0, 1.362854260016611E-6, 3.2414438829170916E-6, 1.392241774298499E-7, 4.370227379785285E-8, 8.687766872114431E-9, 4.445648743668681E-12; 4.4157329093502326E-4, 0.9789950076083163; 0.0, 0.0; 0.0, 0.0
2.4342960892802202E-4, 9.804832150253412E-12, 0.0, 0.0, 0.0, 0.0, 0.0, 0.0, 0.0, 0.0, 0.0, 0.0, 5.613291313417148E-7, 1.664666480120909E-8, 0.0, 0.0, 9.072555244055548E-12, 0.0, 0.0, 0.0, 0.0, 9.157568998641407E-6, 2.1425900819500854E-10, 0.0, 0.0, 0.0, 3.877278364711534E-8, 5.050917998884838E-8, 0.0, 1.4739588729530835E-13; 2.4342960892802202E-4, 0.9844007944738912; 0.0, 0.0; 0.0, 0.0
1.2088246616467381E-4, 0.0, 0.0, 2.306872929623675E-6, 0.0, 0.0, 1.1027874608280269E-11, 0.0, 2.2576071415160048E-7, 0.0, 0.0, 0.0, 1.1648996890283873E-6, 0.0, 2.592820549899241E-6, 1.3288570938694225E-7, 2.8801278540530575E-11, 0.0, 0.0, 0.0, 0.0, 1.864289676873959E-5, 4.387191663416604E-9, 0.0, 0.0, 0.0, 5.913657276574581E-7, 3.496181903828228E-7, 1.0182332236970585E-7, 1.500466906590961E-11; 1.2088246616467381E-4, 0.9890134033480982; 0.0, 0.0; 0.0, 0.0
4.200485684906826E-5, 0.0, 0.0, 4.020245766417122E-6, 0.0, 0.0, 6.464846213042098E-12, 0.0, 1.3187602102366206E-7, 0.0, 0.0, 0.0, 4.2115892695090816E-7, 0.0, 1.2964102749496205E-6, 7.773879216274586E-8, 6.333256728754491E-12, 0.0, 0.0, 0.0, 0.0, 9.321448384369796E-6, 4.915000401944828E-9, 0.0, 0.0, 0.0, 3.1421340544826246E-7, 1.9325677899484007E-7, 5.9599428056967354E-8, 2.016772473016409E-11; 4.200485684906826E-5, 0.9935237848074263; 0.0, 0.0; 0.0, 0.0
0.0, 0.2581931837215174, 1.0, 1.0, 1.0, 0.8859477925431911, 0.669459763610495, 0.33142450591916095, 0.5640231005462095, 0.515901698070855, 0.377724731001253, 0.6685678916574271, 0.0, 1.0, 0.0, 1.0, 0.9585449401348055, 0.5924056973161962, 0.22136152333584164, 1.0, 0.6371584938402562, 0.0, 1.0, 1.0, 1.0, 0.7758994869742754, 0.8163677998691946, 0.25521324703242837, 0.6839411705468794, 0.5814596563326284; 0.0, 6.832494901450814; 0.0, 0.0; 0.0, 0.0
